4180802330
3967111191
3311726211
196740949
1418081949
2983262239
899611779
2261923731
1998661993
3937769227
804999621
3458168691
1098418803
4251909943
3035855385
934544191
1876923029
1490266422
3211475385
3024428156
3151314484
2283398232
3010918596
3786073847
4049710809
3246135997
2363138688
485202206
659549684
588203989
346534161
1247503722
981408504
1566690064
2928095037
1786564451
1697812929
1532219889
286577109
256117230
3887869151
3059135394
3154385892
3703412341
923771843
2186043219
2922942434
4088038132
1961338839
3295656011
4292483087
465760508
3875328090
1294233152
1080911863
576895381
3523130060
203464759
2114351485
199775017
4062416526
2374292507
2051350115
358857555
2502122429
2962477402
3677414734
988115169
2825086366
2393197055
3848692982
3474815238
399379015
2044553736
3945673814
2984219395
371942743
1370540853
765524821
400347432
1666971240
1385045494
2717584763
2151408929
1614860371
2384550877
1205061786
2585428560
2289205440
3710873354
2382740836
1350905533
4160050601
1842219248
1454229279
2164735717
1619655357
3254318985
2139503367
4107917416
2400522249
108119355
952062698
380907043
3401194256
2875107260
2272530160
1845431030
2722328036
2689602699
3529538205
322115294
3117469945
4129367081
1363211483
1765059350
4056193430
349730919
1089651224
1530127196
3045423642
1624980343
4072526575
2354576676
2441875537
2538172243
688853204
2284999244
2419724014
2719193555
769808238
499688655
3964361714
3086537180
3683241452
2028063164
4986124
1132792564
1154030904
1023168081
2136605349
2486464898
767461312
4026229593
2470380061
3137440715
2008287708
3000695661
974642935
1513397381
4094246983
2973074744
2403354489
2095394843
2821181319
4057404485
1213067452
3575299238
324892502
424191947
3492520731
2312018869
4187861949
4076138085
1955453196
1421443449
168420361
1040559363
983276012
2545085110
2307831884
77777068
77534097
722306966
3230815842
385030001
4093585292
3555084415
3228293430
347386304
1537192890
1093900367
1100235300
1106197435
33854327
4199599249
3432861609
3872453595
3666405981
4193864181
214945724
1083119935
3100255432
1729033617
641162702
3524216634
2537931382
1401452850
185228685
3359054596
1124831448
2554458782
1434437224
2803870468
3730187667
698100125
3775657577
2697027201
1176793784
3160373415
396434190
1338120286
764202725
238031781
2232411061
2893773838
1890392014
3971088713
3623103818
520738269
341123123
2077112495
2068408702
3630974389
3925339684
468267668
1755374201
1084520356
2461006344
3008044878
277060018
3788019965
3834612444
4003070296
2874803482
1473648311
136281827
3517505227
1823342666
2072857025
1571996655
2240896272
4090621219
389892853
2914734466
183015862
2783627220
2605835391
3020547793
1640754498
1042534375
1449592108
716337649
316499761
125139413
1140864583
561110679
2507470308
728172114
3231753619
2057856148
1840783286
3722049842
2203925215
2074209672
2248647695
959256530
904097580
2808712806
1214038413
3270444628
21762882
1023329392
1493558961
3934371748
1766579318
3206485086
1679649195
3856757593
3081373493
3962439639
322494513
3602807279
2371934152
1485150472
572260763
2470868545
1522537885
500492900
1282835699
3660357762
1148891494
2235264462
2985881
1281996305
513433002
1828673737
422258895
3073650449
1225344578
1838665552
3198491847
1857499891
47226707
2226064841
3593748473
3106160796
4100077311
3851667570
4092310233
2688277458
3978503249
219061379
2879514096
888646289
3792217821
153914911
1177557710
2038406766
1053919447
1203461616
2446060779
2194801877
815140164
3239842605
2438671532
353864477
3466029469
2064422857
2606983977
1768642676
2447265915
2799074037
3083262920
3342497702
520612929
2056114584
1021326203
464807343
449670539
3476925386
1123865587
4099241262
624841999
2279870276
489632336
1581157140
3660689856
3953275423
3950295237
2235229013
2712450961
3688568067
1812678511
1920990140
1568477919
1098887090
3841310557
3797110034
879561047
2220195342
666518688
1948293944
1099940821
4212430972
1555900997
441746217
2372081083
3570456049
2096861244
1955856361
2787064750
3291801058
2526593843
4280152554
3851970561
3816708593
2862634573
2478539614
4040792040
528147435
2487329096
2606908374
1996175626
3401382378
3302140077
4003654674
2475634174
3870711656
1210915437
3142805925
302013298
684141151
1495297187
2030920830
4237578132
1983723224
3855882476
2183336902
265969934
1172851168
2224681387
2034247754
3584246234
614114376
2913569371
527434250
2147521519
1533213332
3335704900
2074536095
2097913015
1139941473
433224769
1586129609
1773157417
129159827
2671707091
124342217
814020221
437321223
1713490507
1668546982
3481684849
1775558085
113310108
1463931722
1987411377
1223745990
1674398748
3167186774
2180729140
3763607762
3717261659
879302212
3173161334
46887986
690128884
488899403
1674541226
1798034982
2072755119
1407421032
2687297690
2533585073
2446837891
1353231848
3842960057
1148622466
3060671548
4218145403
949653020
1572575903
1438087310
2055912825
1795978337
928639083
1231525018
3865143638
1714467681
1982403370
2238148644
4180853776
348516749
4174209244
1927625783
1325726693
1132116658
346696296
553299194
2902426399
2950159275
194131127
4260862950
3170899553
1411791511
242328892
223114171
3328964829
3034298574
1537935487
243244363
1285744647
3503986990
1780392391
3152698802
3888646072
3721845878
3604010863
3246920124
1781682442
3182611069
1838986242
3379602772
67813913
3177598978
3640514432
3473733530
3710941233
2720348619
201226454
200259259
4109342153
820925013
1491697092
3275265361
2051031766
3010891113
2201189872
3675662541
1537797216
1933615479
3840114890
1374263092
2761893426
1046280702
929986247
3824404492
4186477665
1917981387
2805533443
3043356215
917629867
1599833719
1780455899
4036734357
2441523701
1240770011
1341530671
1240157414
683136386
1676491659
2389533126
324645716
549786399
3053253805
1919149588
3948429994
2847580157
2152975860
1567358869
2987855052
1554744790
1362722021
946788620
637331086
1120954615
1263595534
2862460274
3292951877
3094284138
4163500460
3649819289
1914749704
153476926
2787034647
4006627563
3042724920
370546056
231380801
1575993036
3029909852
2145463403
2174200634
953098743
513517980
770958122
1616442441
2166964694
3418289699
3093010925
3448732083
3697143467
3763330758
2825527581
1631842390
2942082705
3546010089
2805752473
4055604022
1560345591
4085172735
478845682
4103904922
3397406210
3900076537
4258698697
4075573640
4055240221
123898526
2643525179
2859676450
2813297727
1353088729
383387226
2351781631
3287468298
4062181662
2552412554
1139207271
2364065816
2866247902
1810345037
968729467
1575701136
3999761538
1238493673
2352391197
3011352144
1969795035
842519199
2216884775
3421530164
796997799
2773798840
706079723
2103329059
1383099713
3386615982
852442211
2359147545
1303913803
2305869551
1012027905
3991686556
2590380012
2400730055
4022674142
425902654
1235726703
2191375711
2588360480
808590014
3677158986
53179165
2435499141
1411038134
3761587704
2086465891
2665790028
2570321253
374463260
2308344913
2132063706
2313484423
710705142
1736812750
1589418407
1006796319
2724128985
1689297461
2395709153
3895151773
482380763
2339145286
3137036758
2921667981
3108630208
1860174648
3793183964
4253990383
2597913120
3424629829
1585998333
188410396
3184546081
2410713962
595626371
3240822398
2197229536
1283160007
2258612626
768887952
2106753927
658245782
1930950224
2328730678
612673165
3722807588
97331408
2052318166
2616966319
515677538
3865090962
3462796711
4158053356
1011114220
46719257
2041943613
3089239682
1286758509
1461811978
1999328113
1671260248
4214633852
2015298797
1024053328
230210307
3192041745
851060774
654738317
402719645
1677084625
2528383271
3781442853
3337534063
4196885948
2171354873
2473524799
887620669
3429436473
1328740407
1225720093
1854595843
2791043566
3953891761
192662425
1025734822
3067402969
234985235
1932909848
641907518
1495269468
1126028851
3288235284
1950952480
371537540
2047896628
3480307053
3732783284
3301955080
434466414
57654773
1150798800
785836614
1898138577
1184778485
3301148987
2853653945
3137887131
2905628211
3677222859
2042877461
3283885146
64017748
3054002663
2099943681
3593474059
1777632098
2141121707
3532762454
2019634321
2886911512
3750208493
4150858800
461812815
2057757535
1459839457
321251019
2620917285
2404005099
2145574739
2776855274
2744281405
450505266
3574135933
1844315735
4276718033
2313009666
3148649621
3459658528
1335817605
1245657684
3787322195
3753247798
2484946532
3342171273
3241764505
1807769978
2728228171
2220995654
2338562717
3678336034
4116336099
3814926362
2379802340
1037159089
1787342487
1893936925
1001477856
517462774
1883261918
2864817319
2163158827
3648870201
2683324110
4230695208
1133293590
1437977441
1023653306
538276682
1875714281
3676942011
193152066
3692710938
130337997
3015442347
1992471204
2352688586
2936737401
1019094128
1082711458
2224148891
2705308481
3095062341
2656011168
2922157526
1961977152
4210389738
4239318778
3406329696
3039860708
255005997
3156762621
2141669011
3948112407
1093965212
817162051
1973020181
2635604139
2976864632
44921600
271435388
857289308
3969631770
1752578786
2245491940
808406921
1505825283
3828155720
4095960678
143377526
2984918463
2419842139
2433399658
2383236286
392963101
1331605527
3465532995
191499808
1519634658
10890838
547974938
379888368
2963576553
886240021
2546047570
445790838
1228053073
1026247064
1772511308
2316837609
540114830
1666333488
577096086
1647522632
3081707766
2772032947
600081419
3226379242
464223961
36550503
2835879513
3550931263
1930688297
518179878
109718228
1392295042
2743273787
3469186417
1117874055
253668544
3989682024
4014102431
2981533348
469128830
2603925508
4044183210
414613662
1517034649
2959655481
912668636
3981811971
1344240163
1818664804
459882484
2145909558
4080554889
4028103879
2404745826
3916762411
3337904749
1745582464
2450853315
3310592010
998545258
3149054784
1670632694
2679427800
195438969
2605578542
4004929833
1582791544
1885843898
134457939
3983606047
1285527666
56505151
633804732
376105481
2371696985
1571540689
974752233
3858739714
397553511
3771135267
2606915876
1788317934
3388752974
2400146347
369728897
2128359853
3390421442
2837563874
4215239146
1146054636
237257631
1403613510
1140832654
760966601
1901248962
2392150177
428239307
3715649183
696643467
2931132393
236459504
1164240018
2091215657
4174261856
3606916099
1501365334
501380888
906695789
2957491237
1417758163
1000463242
4050854867
3904609170
3518057819
3916389912
3354459133
2290418628
3017536963
2576428742
189223823
2426951571
670699708
1696925214
1097626145
720534418
2107765657
3476664304
2669114579
1844795797
160818771
3868135393
3166744882
2071547480
375255451
1514293493
1129829877
175204209
2520119526
343204655
4049875760
146468501
3427601099
3177432959
3102377904
316541504
1818847319
1090180343
2011039966
3872523399
2649831580
3408479894
269265212
541995635
2242486239
2083049488
934461222
791665875
394087144
1812776043
2770043858
1045575606
3736256083
4009832041
3350303353
3414757108
1327421881
1127249557
1341581520
1176249285
2351120481
3432951939
1127156160
3252250043
3691745998
485838587
2411612801
2342410733
2884743344
2367457646
3357572056
984335267
593132328
3294078849
2331727535
1627134017
1249236863
1741726433
2959444461
2929659546
234305638
363659740
3059525355
3461850187
2651797812
2731115685
4162871128
3941607058
2641036439
2066867021
52189292
936244650
1243541629
156713852
2653207592
439524435
1890729285
1654576764
895676946
250239370
3943213441
1982173082
2611178754
1231145964
3863068650
673687340
3003792083
2448526641
1807665639
223802866
3548197841
1981454853
43483021
263631374
410717379
2983303589
1439464358
3968498813
4074334198
3135408952
1917803367
1917980643
1363307669
4054247534
2326995528
2061416129
3166735210
2220624216
2737360104
1084801127
3602972759
2735142453
3465196947
138133386
4129188822
3822147321
2093588385
3390614931
4158863188
3345435456
2439323535
3104878249
2013254120
2188510780
454354157
4287601277
2542887333
575627735
780125975
3061677814
2566223599
2495061446
2406909491
136212018
4256737815
2562292294
519929488
1363071453
4096757173
2181768952
1452770594
3930705219
3435006462
2950806579
3998595653
1877198048
1093625624
546005428
3737253390
1883060551
4251671430
1048118341
3559144979
2216417642
48619181
2798625999
1589962466
1293710648
4202253509
466515998
2185287071
2647842600
3011114111
2521334330
2953219240
2467212743
1321748917
3292636945
258786619
2260659576
652008944
1890822625
1146895499
1168652891
1267430337
4114167590
3197480052
654882607
1994962013
3727332407
2893146655
1764343027
2677666649
2352333735
2659697826
1397721685
4254384838
3432104989
945256556
3873519872
3338956210
97545472
693732664
3717851378
4224970800
4124201149
600796812
3670248345
2695227202
3918395441
1286303058
3306158216
2576802993
864988907
2089606149
3263153796
3523905777
853348709
2102895691
948856243
597084087
2036500233
1386981369
363580039
3927844292
499195338
796964540
2847499943
3589803675
2806036499
1939894491
4242965866
4179470485
2829249815
2819237328
1109678421
3058994089
2231110499
423362635
1628474333
2656306758
882339880
383314672
3465341845
1646445198
145216817
1173140312
2302193008
219532940
1373098384
1660546552
3805206099
1187882242
4243329635
3094969572
1667220778
1590078084
3247478438
1773958174
3492635675
2113886058
4269937949
769034905
858321448
1677702586
4146781914
1730921177
1111920236
1382259543
2224529364
3475003718
2505813128
1235146615
1538734602
68604579
2433451495
3138657980
2837730138
1659281005
1099433554
1451046679
1150712320
1347237339
1548421774
4107944188
3696482677
139274768
1635137399
1250368197
2266323717
2106673546
3453073960
935935378
4047684227
123641158
1205573639
511602151
2112524240
3622966454
2361872170
2488320850
2548377124
1555941630
60646371
542976262
1009179517
270044937
1879771270
1369408751
1518278272
2287564474
3191253069
590551810
4164558944
25919102
829621787
2416484165
141479436
331048631
2396126435
715428287
2795034495
3059317589
310770055
774857059
2548704082
1001270593
1466588116
575272778
84148309
2648359220
1597607592
1629863628
3800504549
2388871778
591246856
1328987103
1114489887
3445686650
3965335941
1357180356
247602041
1873614839
2605404534
176780469
2352115555
3442178155
176335226
1932343052
471702009
1958479072
178254739
914605514
156251395
2145572004
3814633603
2212772278
243700823
3253427601
4144395817
2276534175
4153073932
2133181329
2190827714
4180299740
2034551699
3735818800
3163281967
1779460536
780073744
829524650
4031509093
1584667057
3467679034
2082697565
939147162
2757102489
2811531178
1061892312
859336943
1933623424
1489788477
1402903457
3171239853
2305471022
415514678
2581867662
3047517019
2052764766
2676067733
3688251470
3233763075
415712288
4255737033
1503171899
3665761056
2007812165
826685072
604105195
2784242550
1792476329
303223673
855644020
3805403281
3685805260
672574074
3452358646
291896044
3202611865
2357740965
1891536992
2134680869
1916216260
1704561788
738940468
350155222
707574290
250722614
1259413155
161463148
1518166816
720360800
3531873308
40986538
231533034
430326051
2995176142
220142582
264935654
646192383
1741973797
1286855701
1765981671
1948984796
1665296741
479252022
82761753
2664137114
2048658325
1259702723
4216166045
208329458
2814003930
763953214
685604555
479301934
3902841861
1177260406
3063761008
2489929672
3553608687
619159934
840424803
556550103
3321362205
214075249
141332355
4158566110
3586849226
1191350848
1472458665
168616277
4064949891
1555324364
1014372265
3354895159
2907718250
3473938936
2617916378
2863071321
572975523
1868865179
2419998314
1785085294
1619535283
540923371
1596409284
318108672
296967773
1031225272
776730781
3043459367
1755714197
3059409378
2211276078
770741617
4094879087
1120904783
3321631490
3130850757
3719400886
3281810151
3738576844
2209464333
3006149676
1644337935
889174890
2224857502
2739780264
3570936366
3016912775
1105818893
2176128020
2996596777
4029712355
4226525511
2184251969
4170702865
3044574202
3893586491
185811016
231282847
2225986956
3225613974
1335377825
3402664984
1570286207
1369926824
13738268
1663466789
2627033617
2318180147
3591114067
2705926108
3255065854
1346984305
3976230153
3195536154
4242797662
2020816233
2640914899
3155876693
461160180
2456566120
2694754831
2703252719
3034377035
4151028911
1525771452
471885755
3329922522
1246267069
3423662478
2974916953
3732275995
3062674337
2784134587
705118341
3226377462
879705014
2997662
2378205446
822007554
3063380300
4198594453
1255170595
437105691
1991832728
1763970189
3257686160
2333871021
1492835108
1485024687
1832212137
661691282
4079983392
1199226916
1687407989
959334305
3650925032
1464286053
1012821252
405179713
358538370
4040339982
2479528813
335317613
3086115932
2691091379
1998961918
724073029
2471297620
3556963557
2158856165
1763140306
2959165596
1768904756
4260704074
2548656834
991170038
2323503783
1721282713
3971212377
383675941
819349973
1681093522
2510586107
2699155835
347642139
1700007566
1900369357
1569703642
1320230246
3889550260
100900925
396310286
123757741
2389177020
1439356439
11862976
3514780987
1018651823
50561356
3857289552
3515218498
2611209159
2647608755
4189268294
2302478605
199995570
3641049495
855186715
3743226968
1547231537
357099481
820902388
1167662966
3281664856
2356678228
2338368530
2452482808
2755605858
1017660903
2741580286
3655655459
2797600172
179607682
2687494551
842112100
120703327
776166431
1451270324
3773561603
1789411068
223709403
2900542979
2612822743
1149696366
757333104
2293530536
2706156192
2758133399
211684052
3585655102
1239846493
2692190734
3234903850
1800682908
14422372
3527967121
3472158078
1035343199
2181492773
3767685020
409397072
1224143444
2811783114
2484057464
119286784
755453279
3674836750
812897867
2047749220
2126990084
2280569939
1269269671
988535929
1174245254
585727071
3647255584
3322107297
2104534528
1236735349
1204682705
2625499778
1342348988
2693433484
2461226439
2344534034
1658660267
2186799429
506291021
3313766422
1373123272
4175224795
2141213271
1111962297
2576847684
1481454915
3343309205
1923608300
2393060249
3121528866
1122760936
2142614148
55322868
4101312114
1859982547
578873291
3996278962
404902272
1674711371
2790734664
233137813
3691315413
1751835743
2036614782
2986469136
3772818309
1843273368
2799837721
843894529
3051734955
439175781
1952086314
2159473195
130331796
2332759551
2398823257
3736315828
1730068966
3471233561
118511997
1614416158
2990034833
1927809669
2521306306
286068421
1461066566
1103066095
1657724411
3616336119
2712361643
1399004508
2090155062
3976934347
3865541022
4186424018
777606952
1083462829
3535603331
575019270
34760150
1374841948
4185250885
3310783260
3422560920
320954877
4243216492
3788504484
227379723
2652917873
3267987760
3854903332
877632534
878833795
390448570
2057511212
1375874899
3348945178
1227055139
2101609216
915332552
2363386732
2895245453
2653721308
559376839
504218973
2328464202
3951205506
3858805205
4129695067
